Errors:


Results:
[[3.33119908 3.34349742 3.33920505 3.3171603  3.34614875 3.3357799
  3.37538909 3.36361344 3.34168925]
 [3.33623471 3.31061956 3.33060213 3.33430296 3.32778545 3.33342148
  3.34510827 3.3262888  3.33377934]
 [3.35331911 3.3472541  3.34012569 3.31470451 3.35355329 3.325108
  3.35194761 3.35352485 3.37048567]]

3.33119908
3.34349742
3.33920505
3.3171603

3.34614875
3.3357799



3.37538909
3.36361344
3.34168925
Errors:


Results:
[[3.32423503 3.33101197 3.33272251 3.35519721 3.33692812 3.3488291
  3.34406395 3.32503415 3.33851448]
 [3.34652264 3.33789631 3.34693298 3.31354294 3.35059523 3.3385317
  3.32381681 3.34324973 3.35561955]
 [3.33469906 3.33251618 3.34243341 3.32215429 3.34676872 3.34092271
  3.32649059 3.35205624 3.32482468]]

3.32423503
3.33101197
3.33272251
3.35519721
3.33692812
3.3488291


3.34406395
3.32503415
3.33851448
Errors:


Results:
[[3.3195238  3.34283054 3.32711701 3.32942223 3.33049305 3.32983846
  3.34533808 3.3248948  3.33016659]
 [3.33552646 3.34563684 3.34177013 3.33247439 3.32513559 3.33522351
  3.37065334 3.34370523 3.30478153]
 [3.34392431 3.3456638  3.32952936 3.33441864 3.34218881 3.33612122
  3.33613718 3.33292418 3.33105301]]

3.3195238

3.34283054
3.32711701
3.32942223
3.33049305
3.32983846


3.34533808
3.3248948

3.33016659
Errors:


Results:
[[3.32811195 3.32542575 3.33292343 3.32697842 3.31917681 3.33820623
  3.33026918 3.33117866 3.3148183 ]
 [3.308416   3.35498512 3.30662497 3.32407959 3.33601996 3.33369412
  3.32952739 3.3037039  3.34379682]
 [3.33632324 3.31940355 3.32150069 3.33302249 3.32782206 3.33298886
  3.33371353 3.34035721 3.34022763]]

3.32811195
3.32542575
3.33292343
3.32697842
3.31917681
3.33820623


3.33026918
3.33117866
3.3148183

Errors:


Results:
[[3.32260123 3.34623748 3.31893482 3.32977886 3.34016479 3.34017201
  3.33717413 3.32248845 3.3279844 ]
 [3.3225083  3.31133412 3.32157057 3.34344788 3.32952988 3.33411924
  3.33616946 3.34940968 3.33128812]
 [3.34535563 3.32570635 3.32815939 3.32648862 3.32781141 3.3197969
  3.33499486 3.33655217 3.33923809]]

3.32260123
3.34623748
3.31893482
3.32977886
3.34016479
3.34017201


3.33717413
3.32248845
3.3279844

Errors:


Results:
[[3.33313689 3.32551735 3.33015903 3.33887834 3.32334782 3.34797667
  3.33766128 3.33343793 3.32072724]
 [3.32972379 3.31979658 3.33694622 3.32522346 3.33017726 3.33999925
  3.32360464 3.3183791  3.32155691]
 [3.33779211 3.32889763 3.32361138 3.3158909  3.35053249 3.32872443
  3.35144349 3.33283107 3.32240411]]

3.33313689
3.32551735
3.33015903
3.33887834
3.32334782
3.34797667


3.33766128
3.33343793
3.32072724
Errors:


Results:
[[3.34599345 3.34013256 3.33536606 3.33952602 3.32855863 3.33337729
  3.33157403 3.34189795 3.33390887]
 [3.32935125 3.34766117 3.34559871 3.33897116 3.34514496 3.3493441
  3.32588297 3.329867   3.32713836]
 [3.33812513 3.34303975 3.35442408 3.33082088 3.33118503 3.3493092
  3.35010135 3.34163399 3.350303  ]]

3.34599345
3.34013256
3.33536606
3.33952602
3.32855863
3.33337729


3.33157403
3.34189795
3.33390887
Errors:


Results:
[[3.33340706 3.33144329 3.3373272  3.32391177 3.3190917  3.33694941
  3.325402   3.32976918 3.33988564]
 [3.32962982 3.32865311 3.32572476 3.32761554 3.33552514 3.35143087
  3.33265438 3.3367456  3.35321327]
 [3.33028073 3.32886533 3.33273186 3.32726359 3.33887702 3.32257869
  3.33890606 3.33054616 3.33089679]]

3.33340706
3.33144329
3.3373272

3.32391177
3.3190917

3.33694941


3.325402


3.32976918
3.33988564
Errors:


Results:
[[3.35170196 3.3336815  3.32777448 3.32127738 3.33535582 3.32472858
  3.33321794 3.33113643 3.33240554]
 [3.3485592  3.34624497 3.32165294 3.32802013 3.3378186  3.34282589
  3.33689369 3.32844544 3.33548729]
 [3.34643924 3.31669913 3.32620366 3.32448657 3.33211056 3.33277329
  3.33887962 3.31207632 3.33680803]]

3.35170196
3.3336815

3.32777448
3.32127738
3.33535582
3.32472858


3.33321794
3.33113643
3.33240554
Errors:


Results:
[[3.34402105 3.33158608 3.3372705  3.33475341 3.32808978 3.32427113
  3.34409115 3.31672668 3.35158759]
 [3.33669353 3.34397952 3.34190751 3.33044981 3.33126487 3.33762396
  3.35057382 3.33324867 3.31076816]
 [3.32029548 3.34066093 3.34024961 3.32999578 3.32582841 3.3252707
  3.31792442 3.33673559 3.32455367]]

3.34402105
3.33158608
3.3372705

3.33475341
3.32808978
3.32427113


3.34409115
3.31672668
3.35158759
Errors:


Results:
[[3.32448172 3.32439605 3.34729699 3.33612754 3.36219589 3.34709185
  3.33821917 3.34168179 3.32179274]
 [3.33427403 3.32886746 3.34464864 3.33240247 3.3384203  3.32339917
  3.34273847 3.33918715 3.33879171]
 [3.32570715 3.33024198 3.33654059 3.32882306 3.3206799  3.33137511
  3.34801093 3.34187628 3.33367927]]

3.32448172
3.32439605
3.34729699
3.33612754
3.36219589
3.34709185


3.33821917
3.34168179
3.32179274
Errors:


Results:
[[3.33381727 3.32198127 3.33473073 3.32928952 3.34561303 3.33823105
  3.33124044 3.34434844 3.32401642]
 [3.34236548 3.33900694 3.34496513 3.35030747 3.33255219 3.32079035
  3.32716592 3.33553649 3.33176703]
 [3.34453993 3.33783824 3.34023762 3.32355856 3.32227036 3.32242401
  3.33626967 3.3329972  3.35161387]]

3.33381727
3.32198127
3.33473073
3.32928952
3.34561303
3.33823105


3.33124044
3.34434844
3.32401642
Errors:


Results:
[[3.31768848 3.34217812 3.32244062 3.35373837 3.33339063 3.34008999
  3.34598124 3.33396756 3.34500481]
 [3.33230618 3.33352714 3.34029408 3.33827534 3.32847975 3.3240313
  3.33911978 3.33086986 3.31370413]
 [3.34676883 3.35147904 3.33788936 3.33653022 3.32272853 3.32693543
  3.33009211 3.32169988 3.35455106]]

3.31768848
3.34217812
3.32244062
3.35373837
3.33339063
3.34008999


3.34598124
3.33396756
3.34500481
Errors:


Results:
[[3.32772553 3.33299819 3.33575002 3.35304725 3.3299964  3.34736439
  3.32862211 3.33015156 3.32492055]
 [3.34422333 3.33675733 3.34530049 3.32740869 3.31609134 3.32452782
  3.33685211 3.32855312 3.33776466]
 [3.34158229 3.33239883 3.33464232 3.33737398 3.32914654 3.32906881
  3.33148356 3.33231864 3.32307054]]

3.32772553
3.33299819
3.33575002
3.35304725
3.3299964

3.34736439


3.32862211
3.33015156
3.32492055
Errors:


Results:
[[3.35619853 3.33098662 3.3323607  3.32588932 3.33291117 3.32750321
  3.3429985  3.33412361 3.33646322]
 [3.33042011 3.33897658 3.31618041 3.35402801 3.33135883 3.30817415
  3.3561741  3.35538018 3.33862316]
 [3.33887942 3.34760537 3.34735933 3.3413024  3.31846335 3.32299611
  3.32483828 3.31708921 3.33489139]]

3.35619853
3.33098662
3.3323607

3.32588932
3.33291117
3.32750321


3.3429985

3.33412361
3.33646322
Errors:


Results:
[[3.32524608 3.34196084 3.33456605 3.33083737 3.32526901 3.34254407
  3.34165274 3.33422027 3.32635354]
 [3.32199773 3.32162782 3.3211059  3.30987942 3.34657254 3.34024363
  3.32382027 3.33818084 3.33951498]
 [3.34460015 3.31855973 3.33502148 3.34237629 3.33549317 3.3334768
  3.32062499 3.3348721  3.34283902]]

3.32524608
3.34196084
3.33456605
3.33083737
3.32526901
3.34254407


3.34165274
3.33422027
3.32635354
Errors:


Results:
[[3.3255444  3.34070107 3.34710036 3.31644201 3.3210305  3.33297902
  3.3740806  3.34064889 3.3497683 ]
 [3.33017039 3.31578032 3.34086031 3.32744957 3.33385471 3.32211565
  3.31310691 3.35102985 3.34623182]
 [3.33993054 3.32505085 3.3305963  3.33662404 3.35122119 3.34460588
  3.34515319 3.33534408 3.3138938 ]]

3.3255444

3.34070107
3.34710036
3.31644201
3.3210305

3.33297902


3.3740806

3.34064889
3.3497683

Errors:


Results:
[[3.33759487 3.33168646 3.31447408 3.34847141 3.35168507 3.3439243
  3.32869448 3.33800481 3.34852373]
 [3.33218986 3.32136278 3.33180486 3.32526843 3.35747173 3.32040863
  3.32461326 3.33814147 3.35221654]
 [3.32277815 3.32358735 3.30484751 3.34749969 3.32738388 3.36835634
  3.34353012 3.35472193 3.32893482]]

3.33759487
3.33168646
3.31447408
3.34847141
3.35168507
3.3439243


3.32869448
3.33800481
3.34852373
Errors:


Results:
[[3.31262532 3.31769228 3.3584888  3.32467232 3.32116946 3.3500968
  3.3378989  3.33434171 3.32940517]
 [3.32808366 3.34221099 3.31501222 3.32696542 3.34153973 3.32958703
  3.32974506 3.32099936 3.33196316]
 [3.32412777 3.30923458 3.33665028 3.31816983 3.32161268 3.3230843
  3.31899386 3.34730457 3.32680209]]

3.31262532
3.31769228
3.3584888

3.32467232
3.32116946
3.3500968


3.3378989

3.33434171
3.32940517
Errors:


Results:
[[3.30624399 3.31705131 3.3440172  3.3249697  3.32449862 3.32494896
  3.30770864 3.34153454 3.33058778]
 [3.30973681 3.3263725  3.3476674  3.32552675 3.33818982 3.33182196
  3.33619972 3.3568435  3.33654378]
 [3.33757969 3.32940032 3.33414231 3.33472292 3.3319473  3.3399908
  3.30628137 3.33266616 3.31499673]]

3.30624399
3.31705131
3.3440172

3.3249697

3.32449862
3.32494896


3.30770864
3.34153454
3.33058778
Errors:


Results:
[[3.33858213 3.33097208 3.33353339 3.33490803 3.33198354 3.34608736
  3.34601256 3.34766227 3.31520902]
 [3.32947371 3.35425758 3.33314489 3.33713827 3.32583348 3.33820701
  3.32651849 3.33153876 3.34323696]
 [3.33984667 3.31160358 3.32299745 3.35235512 3.34693219 3.33286747
  3.35521772 3.35115201 3.35751689]]

3.33858213
3.33097208
3.33353339
3.33490803
3.33198354
3.34608736


3.34601256
3.34766227
3.31520902
Errors:


Results:
[[3.33771385 3.32571015 3.33764975 3.33544599 3.32511925 3.3316809
  3.34099058 3.3388887  3.32150075]
 [3.34131024 3.34486616 3.33207886 3.32629759 3.34303522 3.34965662
  3.34420701 3.32886883 3.33023155]
 [3.33411501 3.33928602 3.34422391 3.33023085 3.33643608 3.33576524
  3.33381065 3.32334973 3.3180151 ]]

3.33771385
3.32571015
3.33764975
3.33544599
3.32511925
3.3316809


3.34099058
3.3388887

3.32150075
Errors:


Results:
[[3.33097634 3.34509115 3.33955422 3.3459852  3.34031189 3.33820363
  3.3364518  3.34256306 3.31692649]
 [3.34673159 3.34083385 3.33213302 3.32442048 3.33227293 3.32556268
  3.33605814 3.34163625 3.33493328]
 [3.3391996  3.35239928 3.31368601 3.34398412 3.34170047 3.32987273
  3.3313215  3.35888491 3.32122179]]

3.33097634
3.34509115
3.33955422
3.3459852

3.34031189
3.33820363


3.3364518

3.34256306
3.31692649
Errors:


Results:
[[3.32599409 3.32521212 3.32380053 3.30938635 3.32855454 3.31878491
  3.33946971 3.33385262 3.33101959]
 [3.33974914 3.33120745 3.33755888 3.32433304 3.336428   3.3451932
  3.33770007 3.33288521 3.32103787]
 [3.34566445 3.3303098  3.32870034 3.34469445 3.33090131 3.33357449
  3.33725342 3.34317949 3.3350591 ]]

3.32599409
3.32521212
3.32380053
3.30938635
3.32855454
3.31878491


3.33946971
3.33385262
3.33101959
Errors:


Results:
[[3.33095015 3.34571464 3.34231222 3.31539265 3.33662489 3.34214576
  3.33364114 3.33997219 3.34063246]
 [3.32439282 3.3267434  3.35115194 3.31201409 3.32274704 3.33854681
  3.34415891 3.35753389 3.33162786]
 [3.34556873 3.35093838 3.33188886 3.33946256 3.32745086 3.33152651
  3.32685357 3.34688777 3.34047959]]

3.33095015
3.34571464
3.34231222
3.31539265
3.33662489
3.34214576


3.33364114
3.33997219
3.34063246
Errors:


Results:
[[3.33702821 3.32931583 3.32430262 3.33325665 3.33757249 3.33649192
  3.33159598 3.33639119 3.31810169]
 [3.34032701 3.32508424 3.33635    3.32428198 3.34860641 3.35347176
  3.32508516 3.33925685 3.34222526]
 [3.33251358 3.34509497 3.3319796  3.32516235 3.33316345 3.35136215
  3.3296022  3.32539518 3.33367129]]

3.33702821
3.32931583
3.32430262
3.33325665
3.33757249
3.33649192


3.33159598
3.33639119
3.31810169
Errors:


Results:
[[3.34068613 3.30633601 3.35894499 3.31996186 3.33180324 3.33663493
  3.33961006 3.32411298 3.33162982]
 [3.32986749 3.32452162 3.33790265 3.33843695 3.34021923 3.33692551
  3.32859344 3.34111182 3.3351463 ]
 [3.3282728  3.32730872 3.35024957 3.3237122  3.32435603 3.33622067
  3.35197232 3.34571941 3.33812574]]




Errors:


Results:
[[3.34287658 3.33312159 3.33198964 3.32641596 3.32619127 3.32772307
  3.32602753 3.33644348 3.31389761]
 [3.3289181  3.33763713 3.3338522  3.33662466 3.33636908 3.36518484
  3.33792813 3.33531001 3.31267663]
 [3.32153701 3.33592803 3.32333142 3.35074095 3.33370824 3.34259162
  3.3427864  3.33748948 3.33407681]]




Errors:


Results:
[[3.33997618 3.34342004 3.351006   3.36016153 3.32758796 3.33960863
  3.34329994 3.34489252 3.33689784]
 [3.34784909 3.33038252 3.32207057 3.35838146 3.34710265 3.32573295
  3.3450191  3.33538915 3.33110828]
 [3.3360382  3.34699961 3.34419749 3.34506714 3.34019706 3.3318347
  3.32093336 3.33820152 3.34056428]]




Errors:


Results:
[[3.34244079 3.33161345 3.33018262 3.32070014 3.33786196 3.3199351
  3.34146056 3.31843389 3.31021735]
 [3.32617864 3.33442192 3.3625     3.3231222  3.32557654 3.33652912
  3.31747734 3.33873871 3.36371727]
 [3.33661678 3.32679854 3.34808469 3.33031258 3.34394431 3.31954311
  3.31941106 3.31474647 3.3507815 ]]




Errors:


Results:
[[3.32599272 3.330458   3.32095198 3.32754578 3.3207927  3.33270143
  3.33126305 3.32441152 3.35518314]
 [3.32930266 3.30605897 3.34274976 3.32120518 3.35494775 3.33519996
  3.29650663 3.31094045 3.33665921]
 [3.34201077 3.31403622 3.32701434 3.33527553 3.31926195 3.33732231
  3.341102   3.34420629 3.34561314]]




Errors:


Results:
[[3.31122665 3.3443558  3.33670412 3.3252745  3.32357916 3.32186066
  3.32988331 3.32666219 3.33434871]
 [3.35235826 3.31844037 3.33410379 3.33810395 3.33581288 3.34025509
  3.34208708 3.33569745 3.32883847]
 [3.32326856 3.32752897 3.330401   3.33167211 3.33542244 3.32723844
  3.31666903 3.33689173 3.34591261]]




Errors:


Results:
[[3.3457834  3.33745744 3.34019479 3.33743481 3.33232463 3.32136396
  3.33501354 3.34125242 3.3344503 ]
 [3.32218279 3.33133799 3.33918071 3.33907758 3.33983207 3.34460979
  3.34131046 3.34042777 3.32308548]
 [3.32967788 3.32814681 3.33944573 3.32051411 3.32141547 3.31929827
  3.3352688  3.32672083 3.33068153]]




Errors:


Results:
[[3.3322829  3.33897741 3.34057456 3.32567062 3.35169546 3.34755711
  3.33233709 3.32058031 3.33362128]
 [3.33463543 3.32545818 3.32017458 3.33026905 3.31136129 3.31910468
  3.33516175 3.34350355 3.33381582]
 [3.3313966  3.32776615 3.32801407 3.33555107 3.35276952 3.34887248
  3.33534642 3.33129565 3.33251686]]




Errors:


Results:
[[3.34087001 3.33122863 3.32615293 3.32538391 3.32801469 3.33332388
  3.34664427 3.34516303 3.33981554]
 [3.31566061 3.33543225 3.31594616 3.33519778 3.33556835 3.33380023
  3.33624245 3.33336008 3.33168765]
 [3.33485745 3.33013328 3.32249121 3.3395302  3.33951563 3.33408123
  3.3391448  3.34048987 3.34175917]]




Errors:


Results:
[[3.34655106 3.33367513 3.32656837 3.35331939 3.33052453 3.34294989
  3.34261908 3.33749073 3.33484388]
 [3.3319592  3.31853737 3.33849285 3.35987974 3.33585137 3.34381244
  3.32684538 3.33920307 3.34592959]
 [3.33383303 3.3514168  3.3567996  3.35052458 3.35557998 3.3338255
  3.32518065 3.3253318  3.32610208]]




Errors:


Results:
[[3.33178302 3.32476045 3.31231783 3.31240525 3.33245585 3.32366677
  3.33126333 3.33537984 3.32512709]
 [3.32023501 3.34051459 3.33614757 3.33016527 3.33215624 3.32512215
  3.33594513 3.34162331 3.33863787]
 [3.33832918 3.3396412  3.33276553 3.34208392 3.32490119 3.33523441
  3.3138626  3.31489785 3.35279326]]




Errors:


Results:
[[3.32970576 3.33703054 3.34881036 3.33767131 3.32576365 3.32846647
  3.3327352  3.32784012 3.34128329]
 [3.34015212 3.34350364 3.34878032 3.35280601 3.34699761 3.32323785
  3.31085146 3.33263535 3.32895248]
 [3.36461907 3.33370598 3.33514702 3.35709204 3.337013   3.3410998
  3.34198915 3.33870013 3.33562683]]




Errors:


Results:
[[3.3322547  3.3389321  3.33832098 3.33497451 3.33703734 3.33247863
  3.34559045 3.34190679 3.31943585]
 [3.32981752 3.32554024 3.31549059 3.35424882 3.36285624 3.35899237
  3.29104885 3.32617851 3.34208789]
 [3.34284454 3.32254531 3.30812861 3.34358762 3.31027043 3.33056663
  3.33222731 3.34398011 3.34217304]]




Errors:


Results:
[[3.32557972 3.32534691 3.34475716 3.34534285 3.33776152 3.32993586
  3.32688442 3.33230413 3.33203207]
 [3.33463947 3.35164469 3.32484774 3.31821439 3.33393787 3.34883394
  3.32409445 3.35274599 3.32920065]
 [3.33447884 3.33311822 3.36494183 3.3430602  3.32490533 3.33274946
  3.34370539 3.34076453 3.33805385]]




Errors:


Results:
[[3.33214353 3.32467145 3.33751621 3.31465648 3.34308077 3.33801797
  3.32552431 3.34235174 3.32576369]
 [3.34003988 3.33242375 3.33569622 3.34953739 3.33814428 3.33174747
  3.3331371  3.33243858 3.34464496]
 [3.32559034 3.3233231  3.32105206 3.33479622 3.31594531 3.34566724
  3.29363352 3.32387377 3.32178875]]




Errors:


Results:
[[3.32318685 3.34007083 3.33808326 3.33583302 3.32298098 3.33791515
  3.34585855 3.33526616 3.33816088]
 [3.33106365 3.33517434 3.31263127 3.33702117 3.32335832 3.35106502
  3.3445011  3.33331303 3.33034722]
 [3.34534576 3.34553385 3.32035266 3.34125831 3.32791993 3.34719723
  3.32823449 3.32537183 3.35971017]]




Errors:


Results:
[[3.33275029 3.33420604 3.34871116 3.31191212 3.33314056 3.32462194
  3.31921825 3.32919677 3.31486416]
 [3.33180865 3.3481981  3.34526305 3.34087686 3.31724436 3.35243425
  3.32383734 3.33850131 3.34391918]
 [3.32816977 3.33997555 3.33460596 3.34322107 3.32863689 3.33568575
  3.3265317  3.3466041  3.33328065]]




Errors:


Results:
[[3.3230958  3.33573591 3.34513749 3.33219672 3.32973265 3.32159958
  3.31449533 3.31696478 3.33557864]
 [3.35045235 3.34884497 3.34128923 3.33307914 3.33189808 3.3271785
  3.34195838 3.33621834 3.32939685]
 [3.3232016  3.34229504 3.35243612 3.33656135 3.34360178 3.32656999
  3.3245498  3.32373342 3.35224801]]




Errors:


Results:
[[3.33392853 3.33162415 3.33793552 3.31888776 3.33035764 3.32748748
  3.33215805 3.32058713 3.33147796]
 [3.34046861 3.345816   3.33818236 3.31694196 3.3314155  3.32216438
  3.34552355 3.3454261  3.32435034]
 [3.32782302 3.32809498 3.355887   3.31870822 3.29835173 3.33537347
  3.32591504 3.33089891 3.34191826]]




Errors:


Results:
[[3.32871336 3.36213655 3.32342357 3.33553853 3.32860382 3.33278863
  3.34264647 3.33046382 3.33950191]
 [3.33800966 3.32952745 3.34254456 3.31985114 3.32121051 3.3322644
  3.33456239 3.3384367  3.3157266 ]
 [3.32579155 3.34276787 3.328979   3.31667041 3.32629155 3.31699173
  3.32010313 3.32426275 3.34722668]]




Errors:


Results:
[[3.35463717 3.31757471 3.33277062 3.31774926 3.30782941 3.3234452
  3.33863571 3.31222239 3.31413047]
 [3.33246993 3.33650592 3.33186566 3.33605117 3.33055593 3.32286814
  3.33152489 3.35349163 3.3406312 ]
 [3.33516969 3.34133691 3.32333078 3.32829867 3.34590523 3.3429809
  3.3191976  3.33238329 3.33964341]]




Errors:


Results:
[[3.34708322 3.33593976 3.32483277 3.33260461 3.33529213 3.31497326
  3.33057972 3.34368283 3.32924702]
 [3.33254715 3.33600668 3.33619238 3.33307386 3.35081392 3.33378828
  3.34410087 3.34867611 3.32542754]
 [3.34882084 3.33318714 3.32590907 3.32475339 3.32400018 3.32553363
  3.32843167 3.32059162 3.33207624]]




Errors:


Results:
[[3.32680699 3.34060166 3.33327603 3.31491518 3.35489742 3.33499146
  3.36919972 3.32239794 3.33329608]
 [3.34247543 3.32757659 3.34189467 3.32435779 3.31715711 3.34791293
  3.33696156 3.33402652 3.32616249]
 [3.31515954 3.31510882 3.3351386  3.34063946 3.34520761 3.34164627
  3.35627245 3.33589442 3.31911906]]




Errors:


Results:
[[3.32837109 3.32827516 3.34126304 3.3109971  3.33651699 3.35007269
  3.33580655 3.33933613 3.32962879]
 [3.32709514 3.32787129 3.32831912 3.32909839 3.32805757 3.3354209
  3.36829695 3.34624106 3.34496408]
 [3.32448871 3.32798681 3.31751762 3.34425049 3.32803515 3.33795901
  3.335817   3.33373511 3.33260089]]




Errors:


Results:
[[3.32550852 3.34121401 3.3397118  3.3260387  3.34586586 3.32705089
  3.32969458 3.35134884 3.32078206]
 [3.32653405 3.32038114 3.33150452 3.33122951 3.33756762 3.35573817
  3.32927573 3.34353137 3.32864566]
 [3.30456375 3.34724822 3.32209105 3.33313875 3.33369821 3.31385107
  3.34547619 3.31021173 3.31378477]]




